 1       2.00          0.22           -0.58           -0.58            0.06             0.07
  2       2.01          0.22           -0.58           -0.58            0.07             0.07
  3       2.02          0.21           -0.58           -0.57            0.07             0.07
  4       2.03          0.21           -0.57           -0.57            0.08             0.08
  5       2.04          0.20           -0.57           -0.57            0.08             0.08
  6       2.05          0.20           -0.57           -0.57            0.08             0.09
  7       2.06          0.19           -0.57           -0.57            0.09             0.09
  8       2.07          0.18           -0.57           -0.57            0.09             0.09
  9       2.08          0.18           -0.57           -0.57            0.10             0.10
 10       2.09          0.17           -0.57           -0.57            0.10             0.10
 11       2.10          0.17           -0.57           -0.57            0.10             0.11
 12       2.11          0.16           -0.57           -0.57            0.11             0.11
 13       2.12          0.16           -0.57           -0.57            0.11             0.11
 14       2.13          0.15           -0.56           -0.56            0.12             0.12
 15       2.14          0.14           -0.56           -0.56            0.12             0.12
 16       2.15          0.14           -0.56           -0.56            0.12             0.13
 17       2.16          0.13           -0.56           -0.56            0.13             0.13
 18       2.17          0.13           -0.56           -0.56            0.13             0.13
 19       2.18          0.12           -0.56           -0.56            0.13             0.14
 20       2.19          0.12           -0.56           -0.56            0.14             0.14
 21       2.20          0.11           -0.56           -0.56            0.14             0.14
 22       2.21          0.10           -0.55           -0.55            0.15             0.15
 23       2.22          0.10           -0.55           -0.55            0.15             0.15
 24       2.23          0.09           -0.55           -0.55            0.15             0.16
 25       2.24          0.09           -0.55           -0.55            0.16             0.16
 26       2.25          0.08           -0.55           -0.55            0.16             0.16
 27       2.26          0.08           -0.55           -0.55            0.16             0.17
 28       2.27          0.07           -0.55           -0.54            0.17             0.17
 29       2.28          0.07           -0.54           -0.54            0.17             0.17
 30       2.29          0.06           -0.54           -0.54            0.18             0.18
 31       2.30          0.06           -0.54           -0.54            0.18             0.18
 32       2.31          0.05           -0.54           -0.54            0.18             0.18
 33       2.32          0.04           -0.54           -0.54            0.19             0.19
 34       2.33          0.04           -0.53           -0.53            0.19             0.19
 35       2.34          0.03           -0.53           -0.53            0.19             0.20
 36       2.35          0.03           -0.53           -0.53            0.20             0.20
 37       2.36          0.02           -0.53           -0.53            0.20             0.20
 38       2.37          0.02           -0.53           -0.53            0.20             0.21
 39       2.38          0.01           -0.52           -0.52            0.21             0.21
 40       2.39          0.01           -0.52           -0.52            0.21             0.21
 41       2.40          0.00           -0.52           -0.52            0.21             0.22
 42       2.41         -0.00           -0.52           -0.52            0.22             0.22
 43       2.42         -0.01           -0.52           -0.51            0.22             0.22
 44       2.43         -0.01           -0.51           -0.51            0.22             0.23
 45       2.44         -0.02           -0.51           -0.51            0.23             0.23
 46       2.45         -0.02           -0.51           -0.51            0.23             0.23
 47       2.46         -0.03           -0.51           -0.51            0.23             0.24
 48       2.47         -0.03           -0.50           -0.50            0.24             0.24
 49       2.48         -0.04           -0.50           -0.50            0.24             0.24
 50       2.49         -0.04           -0.50           -0.50            0.24             0.25
 51       2.50         -0.05           -0.50           -0.50            0.25             0.25
 52       2.51         -0.05           -0.49           -0.49            0.25             0.25
 53       2.52         -0.06           -0.49           -0.49            0.25             0.26
 54       2.53         -0.06           -0.49           -0.49            0.26             0.26
 55       2.54         -0.07           -0.49           -0.49            0.26             0.26
 56       2.55         -0.07           -0.48           -0.48            0.26             0.26
 57       2.56         -0.08           -0.48           -0.48            0.27             0.27
 58       2.57         -0.08           -0.48           -0.48            0.27             0.27
 59       2.58         -0.09           -0.48           -0.47            0.27             0.27
 60       2.59         -0.09           -0.47           -0.47            0.27             0.28
 61       2.60         -0.10           -0.47           -0.47            0.28             0.28
 62       2.61         -0.10           -0.47           -0.47            0.28             0.28
 63       2.62         -0.11           -0.47           -0.46            0.28             0.29
 64       2.63         -0.11           -0.46           -0.46            0.29             0.29
 65       2.64         -0.12           -0.46           -0.46            0.29             0.29
 66       2.65         -0.12           -0.46           -0.46            0.29             0.29
 67       2.66         -0.12           -0.45           -0.45            0.30             0.30
 68       2.67         -0.13           -0.45           -0.45            0.30             0.30
 69       2.68         -0.13           -0.45           -0.45            0.30             0.30
 70       2.69         -0.14           -0.44           -0.44            0.30             0.30
 71       2.70         -0.14           -0.44           -0.44            0.31             0.31
 72       2.71         -0.15           -0.44           -0.44            0.31             0.31
 73       2.72         -0.15           -0.44           -0.43            0.31             0.31
 74       2.73         -0.16           -0.43           -0.43            0.31             0.32
 75       2.74         -0.16           -0.43           -0.43            0.32             0.32
 76       2.75         -0.16           -0.43           -0.42            0.32             0.32
 77       2.76         -0.17           -0.42           -0.42            0.32             0.32
 78       2.77         -0.17           -0.42           -0.42            0.32             0.33
 79       2.78         -0.18           -0.42           -0.41            0.33             0.33
 80       2.79         -0.18           -0.41           -0.41            0.33             0.33
 81       2.80         -0.19           -0.41           -0.41            0.33             0.33
 82       2.81         -0.19           -0.41           -0.40            0.33             0.33
 83       2.82         -0.19           -0.40           -0.40            0.34             0.34
 84       2.83         -0.20           -0.40           -0.40            0.34             0.34
 85       2.84         -0.20           -0.40           -0.39            0.34             0.34
 86       2.85         -0.21           -0.39           -0.39            0.34             0.34
 87       2.86         -0.21           -0.39           -0.39            0.35             0.35
 88       2.87         -0.21           -0.39           -0.38            0.35             0.35
 89       2.88         -0.22           -0.38           -0.38            0.35             0.35
 90       2.89         -0.22           -0.38           -0.38            0.35             0.35
 91       2.90         -0.22           -0.38           -0.37            0.35             0.35
 92       2.91         -0.23           -0.37           -0.37            0.36             0.36
 93       2.92         -0.23           -0.37           -0.37            0.36             0.36
 94       2.93         -0.24           -0.36           -0.36            0.36             0.36
 95       2.94         -0.24           -0.36           -0.36            0.36             0.36
 96       2.95         -0.24           -0.36           -0.36            0.36             0.36
 97       2.96         -0.25           -0.35           -0.35            0.37             0.37
 98       2.97         -0.25           -0.35           -0.35            0.37             0.37
 99       2.98         -0.25           -0.35           -0.34            0.37             0.37
 100       2.99        -0.26           -0.34           -0.34            0.37             0.37
 101       3.00        -0.26           -0.34           -0.34            0.37             0.37
 102       3.01        -0.26           -0.34           -0.33            0.37             0.38
 103       3.02        -0.27           -0.33           -0.33            0.38             0.38
 104       3.03        -0.27           -0.33           -0.33            0.38             0.38
 105       3.04        -0.27           -0.32           -0.32            0.38             0.38
 106       3.05        -0.28           -0.32           -0.32            0.38             0.38
 107       3.06        -0.28           -0.32           -0.31            0.38             0.38
 108       3.07        -0.28           -0.31           -0.31            0.38             0.39
 109       3.08        -0.29           -0.31           -0.31            0.39             0.39
 110       3.09        -0.29           -0.30           -0.30            0.39             0.39
 111       3.10        -0.29           -0.30           -0.30            0.39             0.39
 112       3.11        -0.30           -0.30           -0.30            0.39             0.39
 113       3.12        -0.30           -0.29           -0.29            0.39             0.39
 114       3.13        -0.30           -0.29           -0.29            0.39             0.39
 115       3.14        -0.30           -0.29           -0.28            0.39             0.40
 116       3.15        -0.31           -0.28           -0.28            0.40             0.40
 117       3.16        -0.31           -0.28           -0.28            0.40             0.40
 118       3.17        -0.31           -0.27           -0.27            0.40             0.40
 119       3.18        -0.31           -0.27           -0.27            0.40             0.40
 120       3.19        -0.32           -0.27           -0.26            0.40             0.40
 121       3.20        -0.32           -0.26           -0.26            0.40             0.40
 122       3.21        -0.32           -0.26           -0.26            0.40             0.40
 123       3.22        -0.33           -0.25           -0.25            0.40             0.40
 124       3.23        -0.33           -0.25           -0.25            0.41             0.41
 125       3.24        -0.33           -0.25           -0.24            0.41             0.41
 126       3.25        -0.33           -0.24           -0.24            0.41             0.41
 127       3.26        -0.34           -0.24           -0.24            0.41             0.41
 128       3.27        -0.34           -0.23           -0.23            0.41             0.41
 129       3.28        -0.34           -0.23           -0.23            0.41             0.41
 130       3.29        -0.34           -0.22           -0.22            0.41             0.41
 131       3.30        -0.34           -0.22           -0.22            0.41             0.41
 132       3.31        -0.35           -0.22           -0.21            0.41             0.41
 133       3.32        -0.35           -0.21           -0.21            0.41             0.41
 134       3.33        -0.35           -0.21           -0.21            0.41             0.41
 135       3.34        -0.35           -0.20           -0.20            0.41             0.41
 136       3.35        -0.35           -0.20           -0.20            0.41             0.41
 137       3.36        -0.36           -0.20           -0.19            0.42             0.42
 138       3.37        -0.36           -0.19           -0.19            0.42             0.42
 139       3.38        -0.36           -0.19           -0.19            0.42             0.42
 140       3.39        -0.36           -0.18           -0.18            0.42             0.42
 141       3.40        -0.36           -0.18           -0.18            0.42             0.42
 142       3.41        -0.37           -0.18           -0.17            0.42             0.42
 143       3.42        -0.37           -0.17           -0.17            0.42             0.42
 144       3.43        -0.37           -0.17           -0.16            0.42             0.42
 145       3.44        -0.37           -0.16           -0.16            0.42             0.42
 146       3.45        -0.37           -0.16           -0.16            0.42             0.42
 147       3.46        -0.37           -0.15           -0.15            0.42             0.42
 148       3.47        -0.38           -0.15           -0.15            0.42             0.42
 149       3.48        -0.38           -0.15           -0.14            0.42             0.42
 150       3.49        -0.38           -0.14           -0.14            0.42             0.42
 151       3.50        -0.38           -0.14           -0.14            0.42             0.42
 152       3.51        -0.38           -0.13           -0.13            0.42             0.42
 153       3.52        -0.38           -0.13           -0.13            0.42             0.42
 154       3.53        -0.38           -0.12           -0.12            0.42             0.42
 155       3.54        -0.39           -0.12           -0.12            0.42             0.42
 156       3.55        -0.39           -0.12           -0.11            0.42             0.42
 157       3.56        -0.39           -0.11           -0.11            0.42             0.42
 158       3.57        -0.39           -0.11           -0.11            0.42             0.42
 159       3.58        -0.39           -0.10           -0.10            0.42             0.42
 160       3.59        -0.39           -0.10           -0.10            0.42             0.42
 161       3.60        -0.39           -0.10           -0.09            0.42             0.42
 162       3.61        -0.39           -0.09           -0.09            0.42             0.42
 163       3.62        -0.39           -0.09           -0.09            0.42             0.42
 164       3.63        -0.39           -0.08           -0.08            0.42             0.42
 165       3.64        -0.40           -0.08           -0.08            0.42             0.42
 166       3.65        -0.40           -0.07           -0.07            0.42             0.42
 167       3.66        -0.40           -0.07           -0.07            0.42             0.42
 168       3.67        -0.40           -0.07           -0.06            0.42             0.42
 169       3.68        -0.40           -0.06           -0.06            0.41             0.41
 170       3.69        -0.40           -0.06           -0.06            0.41             0.41
 171       3.70        -0.40           -0.05           -0.05            0.41             0.41
 172       3.71        -0.40           -0.05           -0.05            0.41             0.41
 173       3.72        -0.40           -0.05           -0.04            0.41             0.41
 174       3.73        -0.40           -0.04           -0.04            0.41             0.41
 175       3.74        -0.40           -0.04           -0.04            0.41             0.41
 176       3.75        -0.40           -0.03           -0.03            0.41             0.41
 177       3.76        -0.40           -0.03           -0.03            0.41             0.41
 178       3.77        -0.40           -0.03           -0.02            0.41             0.41
 179       3.78        -0.40           -0.02           -0.02            0.41             0.41
 180       3.79        -0.40           -0.02           -0.01            0.41             0.41
 181       3.80        -0.40           -0.01           -0.01            0.41             0.41
 182       3.81        -0.40           -0.01           -0.01            0.40             0.40
 183       3.82        -0.40           -0.00           -0.00            0.40             0.40
 184       3.83        -0.40           -0.00            0.00            0.40             0.40
 185       3.84        -0.40            0.00            0.01            0.40             0.40
 186       3.85        -0.40            0.01            0.01            0.40             0.40
 187       3.86        -0.40            0.01            0.01            0.40             0.40
 188       3.87        -0.40            0.02            0.02            0.40             0.40
 189       3.88        -0.40            0.02            0.02            0.40             0.40
 190       3.89        -0.40            0.02            0.03            0.40             0.40
 191       3.90        -0.40            0.03            0.03            0.39             0.39
 192       3.91        -0.40            0.03            0.03            0.39             0.39
 193       3.92        -0.40            0.04            0.04            0.39             0.39
 194       3.93        -0.40            0.04            0.04            0.39             0.39
 195       3.94        -0.40            0.04            0.04            0.39             0.39
 196       3.95        -0.40            0.05            0.05            0.39             0.39
 197       3.96        -0.40            0.05            0.05            0.39             0.39
 198       3.97        -0.40            0.05            0.06            0.39             0.38
 199       3.98        -0.40            0.06            0.06            0.38             0.38
 200       3.99        -0.40            0.06            0.06            0.38             0.38
 201       4.00        -0.40            0.07            0.07            0.38             0.38
