#       x               J0(x)           J0'(x)          J0'(x)          J0''(x)         J0''(x)
 2       0.00           1.00           -0.00           -0.00            -nan            -0.50
 3       0.01           1.00           -0.00           -0.01           -0.50            -0.50
 4       0.02           1.00           -0.01           -0.01           -0.50            -0.50
 5       0.03           1.00           -0.01           -0.02           -0.50            -0.50
 6       0.04           1.00           -0.02           -0.02           -0.50            -0.50
 7       0.05           1.00           -0.02           -0.03           -0.50            -0.50
 8       0.06           1.00           -0.03           -0.03           -0.50            -0.50
 9       0.07           1.00           -0.03           -0.04           -0.50            -0.50
10       0.08           1.00           -0.04           -0.04           -0.50            -0.50
11       0.09           1.00           -0.04           -0.05           -0.50            -0.50
12       0.10           1.00           -0.05           -0.05           -0.50            -0.50
13       0.11           1.00           -0.05           -0.06           -0.50            -0.50
14       0.12           1.00           -0.06           -0.06           -0.50            -0.50
15       0.13           1.00           -0.06           -0.07           -0.50            -0.50
16       0.14           1.00           -0.07           -0.07           -0.50            -0.50
17       0.15           0.99           -0.07           -0.08           -0.50            -0.50
18       0.16           0.99           -0.08           -0.08           -0.50            -0.49
19       0.17           0.99           -0.08           -0.09           -0.49            -0.49
20       0.18           0.99           -0.09           -0.09           -0.49            -0.49
21       0.19           0.99           -0.09           -0.10           -0.49            -0.49
22       0.20           0.99           -0.10           -0.10           -0.49            -0.49
23       0.21           0.99           -0.10           -0.11           -0.49            -0.49
24       0.22           0.99           -0.11           -0.11           -0.49            -0.49
25       0.23           0.99           -0.11           -0.12           -0.49            -0.49
26       0.24           0.99           -0.12           -0.12           -0.49            -0.49
27       0.25           0.98           -0.12           -0.13           -0.49            -0.49
28       0.26           0.98           -0.13           -0.13           -0.49            -0.49
29       0.27           0.98           -0.13           -0.14           -0.49            -0.49
30       0.28           0.98           -0.14           -0.14           -0.49            -0.48
31       0.29           0.98           -0.14           -0.15           -0.48            -0.48
32       0.30           0.98           -0.15           -0.15           -0.48            -0.48
33       0.31           0.98           -0.15           -0.16           -0.48            -0.48
34       0.32           0.97           -0.16           -0.16           -0.48            -0.48
35       0.33           0.97           -0.16           -0.17           -0.48            -0.48
36       0.34           0.97           -0.17           -0.17           -0.48            -0.48
37       0.35           0.97           -0.17           -0.17           -0.48            -0.48
38       0.36           0.97           -0.18           -0.18           -0.48            -0.48
39       0.37           0.97           -0.18           -0.18           -0.47            -0.47
40       0.38           0.96           -0.19           -0.19           -0.47            -0.47
41       0.39           0.96           -0.19           -0.19           -0.47            -0.47
42       0.40           0.96           -0.20           -0.20           -0.47            -0.47
43       0.41           0.96           -0.20           -0.20           -0.47            -0.47
44       0.42           0.96           -0.21           -0.21           -0.47            -0.47
45       0.43           0.95           -0.21           -0.21           -0.47            -0.46
46       0.44           0.95           -0.21           -0.22           -0.46            -0.46
47       0.45           0.95           -0.22           -0.22           -0.46            -0.46
48       0.46           0.95           -0.22           -0.23           -0.46            -0.46
49       0.47           0.95           -0.23           -0.23           -0.46            -0.46
50       0.48           0.94           -0.23           -0.24           -0.46            -0.46
51       0.49           0.94           -0.24           -0.24           -0.46            -0.45
52       0.50           0.94           -0.24           -0.24           -0.45            -0.45
53       0.51           0.94           -0.25           -0.25           -0.45            -0.45
54       0.52           0.93           -0.25           -0.25           -0.45            -0.45
55       0.53           0.93           -0.26           -0.26           -0.45            -0.45
56       0.54           0.93           -0.26           -0.26           -0.45            -0.45
57       0.55           0.93           -0.26           -0.27           -0.44            -0.44
58       0.56           0.92           -0.27           -0.27           -0.44            -0.44
59       0.57           0.92           -0.27           -0.28           -0.44            -0.44
60       0.58           0.92           -0.28           -0.28           -0.44            -0.44
61       0.59           0.91           -0.28           -0.28           -0.44            -0.44
62       0.60           0.91           -0.29           -0.29           -0.43            -0.43
63       0.61           0.91           -0.29           -0.29           -0.43            -0.43
64       0.62           0.91           -0.30           -0.30           -0.43            -0.43
65       0.63           0.90           -0.30           -0.30           -0.43            -0.43
66       0.64           0.90           -0.30           -0.31           -0.43            -0.42
67       0.65           0.90           -0.31           -0.31           -0.42            -0.42
68       0.66           0.89           -0.31           -0.31           -0.42            -0.42
69       0.67           0.89           -0.32           -0.32           -0.42            -0.42
70       0.68           0.89           -0.32           -0.32           -0.42            -0.41
71       0.69           0.88           -0.32           -0.33           -0.41            -0.41
72       0.70           0.88           -0.33           -0.33           -0.41            -0.41
73       0.71           0.88           -0.33           -0.34           -0.41            -0.41
74       0.72           0.87           -0.34           -0.34           -0.41            -0.40
75       0.73           0.87           -0.34           -0.34           -0.40            -0.40
76       0.74           0.87           -0.35           -0.35           -0.40            -0.40
77       0.75           0.86           -0.35           -0.35           -0.40            -0.40
78       0.76           0.86           -0.35           -0.36           -0.40            -0.39
79       0.77           0.86           -0.36           -0.36           -0.39            -0.39
80       0.78           0.85           -0.36           -0.36           -0.39            -0.39
81       0.79           0.85           -0.36           -0.37           -0.39            -0.39
82       0.80           0.85           -0.37           -0.37           -0.39            -0.38
83       0.81           0.84           -0.37           -0.37           -0.38            -0.38
84       0.82           0.84           -0.38           -0.38           -0.38            -0.38
85       0.83           0.84           -0.38           -0.38           -0.38            -0.38
86       0.84           0.83           -0.38           -0.39           -0.37            -0.37
87       0.85           0.83           -0.39           -0.39           -0.37            -0.37
88       0.86           0.82           -0.39           -0.39           -0.37            -0.37
89       0.87           0.82           -0.40           -0.40           -0.37            -0.36
90       0.88           0.82           -0.40           -0.40           -0.36            -0.36
91       0.89           0.81           -0.40           -0.40           -0.36            -0.36
92       0.90           0.81           -0.41           -0.41           -0.36            -0.35
93       0.91           0.80           -0.41           -0.41           -0.35            -0.35
94       0.92           0.80           -0.41           -0.41           -0.35            -0.35
95       0.93           0.80           -0.42           -0.42           -0.35            -0.35
96       0.94           0.79           -0.42           -0.42           -0.34            -0.34
97       0.95           0.79           -0.42           -0.43           -0.34            -0.34
98       0.96           0.78           -0.43           -0.43           -0.34            -0.34
99       0.97           0.78           -0.43           -0.43           -0.33            -0.33
100       0.98          0.77           -0.43           -0.44           -0.33            -0.33
101       0.99          0.77           -0.44           -0.44           -0.33            -0.33
102       1.00          0.77           -0.44           -0.44           -0.33            -0.32
103       1.01          0.76           -0.44           -0.44           -0.32            -0.32
104       1.02          0.76           -0.45           -0.45           -0.32            -0.32
105       1.03          0.75           -0.45           -0.45           -0.32            -0.31
106       1.04          0.75           -0.45           -0.45           -0.31            -0.31
107       1.05          0.74           -0.46           -0.46           -0.31            -0.31
108       1.06          0.74           -0.46           -0.46           -0.31            -0.30
109       1.07          0.73           -0.46           -0.46           -0.30            -0.30
110       1.08          0.73           -0.47           -0.47           -0.30            -0.30
111       1.09          0.72           -0.47           -0.47           -0.29            -0.29
112       1.10          0.72           -0.47           -0.47           -0.29            -0.29
113       1.11          0.71           -0.47           -0.48           -0.29            -0.29
114       1.12          0.71           -0.48           -0.48           -0.28            -0.28
115       1.13          0.71           -0.48           -0.48           -0.28            -0.28
116       1.14          0.70           -0.48           -0.48           -0.28            -0.28
117       1.15          0.70           -0.49           -0.49           -0.27            -0.27
118       1.16          0.69           -0.49           -0.49           -0.27            -0.27
119       1.17          0.69           -0.49           -0.49           -0.27            -0.26
120       1.18          0.68           -0.49           -0.49           -0.26            -0.26
121       1.19          0.68           -0.50           -0.50           -0.26            -0.26
122       1.20          0.67           -0.50           -0.50           -0.26            -0.25
123       1.21          0.67           -0.50           -0.50           -0.25            -0.25
124       1.22          0.66           -0.50           -0.50           -0.25            -0.25
125       1.23          0.66           -0.51           -0.51           -0.24            -0.24
126       1.24          0.65           -0.51           -0.51           -0.24            -0.24
127       1.25          0.65           -0.51           -0.51           -0.24            -0.24
128       1.26          0.64           -0.51           -0.51           -0.23            -0.23
129       1.27          0.64           -0.52           -0.52           -0.23            -0.23
130       1.28          0.63           -0.52           -0.52           -0.23            -0.22
131       1.29          0.63           -0.52           -0.52           -0.22            -0.22
132       1.30          0.62           -0.52           -0.52           -0.22            -0.22
133       1.31          0.61           -0.52           -0.53           -0.21            -0.21
134       1.32          0.61           -0.53           -0.53           -0.21            -0.21
135       1.33          0.60           -0.53           -0.53           -0.21            -0.21
136       1.34          0.60           -0.53           -0.53           -0.20            -0.20
137       1.35          0.59           -0.53           -0.53           -0.20            -0.20
138       1.36          0.59           -0.53           -0.54           -0.20            -0.19
139       1.37          0.58           -0.54           -0.54           -0.19            -0.19
140       1.38          0.58           -0.54           -0.54           -0.19            -0.19
141       1.39          0.57           -0.54           -0.54           -0.18            -0.18
142       1.40          0.57           -0.54           -0.54           -0.18            -0.18
143       1.41          0.56           -0.54           -0.54           -0.18            -0.17
144       1.42          0.56           -0.55           -0.55           -0.17            -0.17
145       1.43          0.55           -0.55           -0.55           -0.17            -0.17
146       1.44          0.55           -0.55           -0.55           -0.16            -0.16
147       1.45          0.54           -0.55           -0.55           -0.16            -0.16
148       1.46          0.53           -0.55           -0.55           -0.16            -0.15
149       1.47          0.53           -0.55           -0.55           -0.15            -0.15
150       1.48          0.52           -0.56           -0.56           -0.15            -0.15
151       1.49          0.52           -0.56           -0.56           -0.14            -0.14
152       1.50          0.51           -0.56           -0.56           -0.14            -0.14
153       1.51          0.51           -0.56           -0.56           -0.14            -0.13
154       1.52          0.50           -0.56           -0.56           -0.13            -0.13
155       1.53          0.50           -0.56           -0.56           -0.13            -0.13
156       1.54          0.49           -0.56           -0.56           -0.12            -0.12
157       1.55          0.48           -0.56           -0.57           -0.12            -0.12
158       1.56          0.48           -0.57           -0.57           -0.12            -0.11
159       1.57          0.47           -0.57           -0.57           -0.11            -0.11
160       1.58          0.47           -0.57           -0.57           -0.11            -0.11
161       1.59          0.46           -0.57           -0.57           -0.10            -0.10
162       1.60          0.46           -0.57           -0.57           -0.10            -0.10
163       1.61          0.45           -0.57           -0.57           -0.10            -0.09
164       1.62          0.44           -0.57           -0.57           -0.09            -0.09
165       1.63          0.44           -0.57           -0.57           -0.09            -0.08
166       1.64          0.43           -0.57           -0.57           -0.08            -0.08
167       1.65          0.43           -0.57           -0.57           -0.08            -0.08
168       1.66          0.42           -0.58           -0.58           -0.07            -0.07
169       1.67          0.42           -0.58           -0.58           -0.07            -0.07
170       1.68          0.41           -0.58           -0.58           -0.07            -0.06
171       1.69          0.40           -0.58           -0.58           -0.06            -0.06
172       1.70          0.40           -0.58           -0.58           -0.06            -0.06
173       1.71          0.39           -0.58           -0.58           -0.05            -0.05
174       1.72          0.39           -0.58           -0.58           -0.05            -0.05
175       1.73          0.38           -0.58           -0.58           -0.05            -0.04
176       1.74          0.37           -0.58           -0.58           -0.04            -0.04
177       1.75          0.37           -0.58           -0.58           -0.04            -0.04
178       1.76          0.36           -0.58           -0.58           -0.03            -0.03
179       1.77          0.36           -0.58           -0.58           -0.03            -0.03
180       1.78          0.35           -0.58           -0.58           -0.03            -0.02
181       1.79          0.35           -0.58           -0.58           -0.02            -0.02
182       1.80          0.34           -0.58           -0.58           -0.02            -0.01
183       1.81          0.33           -0.58           -0.58           -0.01            -0.01
184       1.82          0.33           -0.58           -0.58           -0.01            -0.01
185       1.83          0.32           -0.58           -0.58           -0.00            -0.00
186       1.84          0.32           -0.58           -0.58           -0.00             0.00
187       1.85          0.31           -0.58           -0.58            0.00             0.01
188       1.86          0.31           -0.58           -0.58            0.01             0.01
189       1.87          0.30           -0.58           -0.58            0.01             0.01
190       1.88          0.29           -0.58           -0.58            0.02             0.02
191       1.89          0.29           -0.58           -0.58            0.02             0.02
192       1.90          0.28           -0.58           -0.58            0.02             0.03
193       1.91          0.28           -0.58           -0.58            0.03             0.03
194       1.92          0.27           -0.58           -0.58            0.03             0.03
195       1.93          0.26           -0.58           -0.58            0.04             0.04
196       1.94          0.26           -0.58           -0.58            0.04             0.04
197       1.95          0.25           -0.58           -0.58            0.04             0.05
198       1.96          0.25           -0.58           -0.58            0.05             0.05
199       1.97          0.24           -0.58           -0.58            0.05             0.05
200       1.98          0.24           -0.58           -0.58            0.06             0.06
201       1.99          0.23           -0.58           -0.58            0.06             0.06
202       2.00          0.22           -0.58           -0.58            0.06             0.07
203       2.01          0.22           -0.58           -0.58            0.07             0.07
204       2.02          0.21           -0.58           -0.57            0.07             0.07
205       2.03          0.21           -0.57           -0.57            0.08             0.08
206       2.04          0.20           -0.57           -0.57            0.08             0.08
207       2.05          0.20           -0.57           -0.57            0.08             0.09
208       2.06          0.19           -0.57           -0.57            0.09             0.09
209       2.07          0.18           -0.57           -0.57            0.09             0.09
210       2.08          0.18           -0.57           -0.57            0.10             0.10
211       2.09          0.17           -0.57           -0.57            0.10             0.10
212       2.10          0.17           -0.57           -0.57            0.10             0.11
213       2.11          0.16           -0.57           -0.57            0.11             0.11
214       2.12          0.16           -0.57           -0.57            0.11             0.11
215       2.13          0.15           -0.56           -0.56            0.12             0.12
216       2.14          0.14           -0.56           -0.56            0.12             0.12
217       2.15          0.14           -0.56           -0.56            0.12             0.13
218       2.16          0.13           -0.56           -0.56            0.13             0.13
219       2.17          0.13           -0.56           -0.56            0.13             0.13
220       2.18          0.12           -0.56           -0.56            0.13             0.14
221       2.19          0.12           -0.56           -0.56            0.14             0.14
222       2.20          0.11           -0.56           -0.56            0.14             0.14
223       2.21          0.10           -0.55           -0.55            0.15             0.15
224       2.22          0.10           -0.55           -0.55            0.15             0.15
225       2.23          0.09           -0.55           -0.55            0.15             0.16
226       2.24          0.09           -0.55           -0.55            0.16             0.16
227       2.25          0.08           -0.55           -0.55            0.16             0.16
228       2.26          0.08           -0.55           -0.55            0.16             0.17
229       2.27          0.07           -0.55           -0.54            0.17             0.17
230       2.28          0.07           -0.54           -0.54            0.17             0.17
231       2.29          0.06           -0.54           -0.54            0.18             0.18
232       2.30          0.06           -0.54           -0.54            0.18             0.18
233       2.31          0.05           -0.54           -0.54            0.18             0.18
234       2.32          0.04           -0.54           -0.54            0.19             0.19
235       2.33          0.04           -0.53           -0.53            0.19             0.19
236       2.34          0.03           -0.53           -0.53            0.19             0.20
237       2.35          0.03           -0.53           -0.53            0.20             0.20
238       2.36          0.02           -0.53           -0.53            0.20             0.20
239       2.37          0.02           -0.53           -0.53            0.20             0.21
240       2.38          0.01           -0.52           -0.52            0.21             0.21
241       2.39          0.01           -0.52           -0.52            0.21             0.21
242       2.40          0.00           -0.52           -0.52            0.21             0.22
243       2.41         -0.00           -0.52           -0.52            0.22             0.22
244       2.42         -0.01           -0.52           -0.51            0.22             0.22
245       2.43         -0.01           -0.51           -0.51            0.22             0.23
246       2.44         -0.02           -0.51           -0.51            0.23             0.23
247       2.45         -0.02           -0.51           -0.51            0.23             0.23
248       2.46         -0.03           -0.51           -0.51            0.23             0.24
249       2.47         -0.03           -0.50           -0.50            0.24             0.24
250       2.48         -0.04           -0.50           -0.50            0.24             0.24
251       2.49         -0.04           -0.50           -0.50            0.24             0.25
252       2.50         -0.05           -0.50           -0.50            0.25             0.25
253       2.51         -0.05           -0.49           -0.49            0.25             0.25
254       2.52         -0.06           -0.49           -0.49            0.25             0.26
255       2.53         -0.06           -0.49           -0.49            0.26             0.26
256       2.54         -0.07           -0.49           -0.49            0.26             0.26
257       2.55         -0.07           -0.48           -0.48            0.26             0.26
258       2.56         -0.08           -0.48           -0.48            0.27             0.27
259       2.57         -0.08           -0.48           -0.48            0.27             0.27
260       2.58         -0.09           -0.48           -0.47            0.27             0.27
261       2.59         -0.09           -0.47           -0.47            0.27             0.28
262       2.60         -0.10           -0.47           -0.47            0.28             0.28
263       2.61         -0.10           -0.47           -0.47            0.28             0.28
264       2.62         -0.11           -0.47           -0.46            0.28             0.29
265       2.63         -0.11           -0.46           -0.46            0.29             0.29
266       2.64         -0.12           -0.46           -0.46            0.29             0.29
267       2.65         -0.12           -0.46           -0.46            0.29             0.29
268       2.66         -0.12           -0.45           -0.45            0.30             0.30
269       2.67         -0.13           -0.45           -0.45            0.30             0.30
270       2.68         -0.13           -0.45           -0.45            0.30             0.30
271       2.69         -0.14           -0.44           -0.44            0.30             0.30
272       2.70         -0.14           -0.44           -0.44            0.31             0.31
273       2.71         -0.15           -0.44           -0.44            0.31             0.31
274       2.72         -0.15           -0.44           -0.43            0.31             0.31
275       2.73         -0.16           -0.43           -0.43            0.31             0.32
276       2.74         -0.16           -0.43           -0.43            0.32             0.32
277       2.75         -0.16           -0.43           -0.42            0.32             0.32
278       2.76         -0.17           -0.42           -0.42            0.32             0.32
279       2.77         -0.17           -0.42           -0.42            0.32             0.33
280       2.78         -0.18           -0.42           -0.41            0.33             0.33
281       2.79         -0.18           -0.41           -0.41            0.33             0.33
282       2.80         -0.19           -0.41           -0.41            0.33             0.33
283       2.81         -0.19           -0.41           -0.40            0.33             0.33
284       2.82         -0.19           -0.40           -0.40            0.34             0.34
285       2.83         -0.20           -0.40           -0.40            0.34             0.34
286       2.84         -0.20           -0.40           -0.39            0.34             0.34
287       2.85         -0.21           -0.39           -0.39            0.34             0.34
288       2.86         -0.21           -0.39           -0.39            0.35             0.35
289       2.87         -0.21           -0.39           -0.38            0.35             0.35
290       2.88         -0.22           -0.38           -0.38            0.35             0.35
291       2.89         -0.22           -0.38           -0.38            0.35             0.35
292       2.90         -0.22           -0.38           -0.37            0.35             0.35
293       2.91         -0.23           -0.37           -0.37            0.36             0.36
294       2.92         -0.23           -0.37           -0.37            0.36             0.36
295       2.93         -0.24           -0.36           -0.36            0.36             0.36
296       2.94         -0.24           -0.36           -0.36            0.36             0.36
297       2.95         -0.24           -0.36           -0.36            0.36             0.36
298       2.96         -0.25           -0.35           -0.35            0.37             0.37
299       2.97         -0.25           -0.35           -0.35            0.37             0.37
300       2.98         -0.25           -0.35           -0.34            0.37             0.37
301       2.99         -0.26           -0.34           -0.34            0.37             0.37
302       3.00         -0.26           -0.34           -0.34            0.37             0.37
303       3.01         -0.26           -0.34           -0.33            0.37             0.38
304       3.02         -0.27           -0.33           -0.33            0.38             0.38
305       3.03         -0.27           -0.33           -0.33            0.38             0.38
306       3.04         -0.27           -0.32           -0.32            0.38             0.38
307       3.05         -0.28           -0.32           -0.32            0.38             0.38
308       3.06         -0.28           -0.32           -0.31            0.38             0.38
309       3.07         -0.28           -0.31           -0.31            0.38             0.39
310       3.08         -0.29           -0.31           -0.31            0.39             0.39
311       3.09         -0.29           -0.30           -0.30            0.39             0.39
312       3.10         -0.29           -0.30           -0.30            0.39             0.39
313       3.11         -0.30           -0.30           -0.30            0.39             0.39
314       3.12         -0.30           -0.29           -0.29            0.39             0.39
315       3.13         -0.30           -0.29           -0.29            0.39             0.39
316       3.14         -0.30           -0.29           -0.28            0.39             0.40
317       3.15         -0.31           -0.28           -0.28            0.40             0.40
318       3.16         -0.31           -0.28           -0.28            0.40             0.40
319       3.17         -0.31           -0.27           -0.27            0.40             0.40
320       3.18         -0.31           -0.27           -0.27            0.40             0.40
321       3.19         -0.32           -0.27           -0.26            0.40             0.40
322       3.20         -0.32           -0.26           -0.26            0.40             0.40
323       3.21         -0.32           -0.26           -0.26            0.40             0.40
324       3.22         -0.33           -0.25           -0.25            0.40             0.40
325       3.23         -0.33           -0.25           -0.25            0.41             0.41
326       3.24         -0.33           -0.25           -0.24            0.41             0.41
327       3.25         -0.33           -0.24           -0.24            0.41             0.41
328       3.26         -0.34           -0.24           -0.24            0.41             0.41
329       3.27         -0.34           -0.23           -0.23            0.41             0.41
330       3.28         -0.34           -0.23           -0.23            0.41             0.41
331       3.29         -0.34           -0.22           -0.22            0.41             0.41
332       3.30         -0.34           -0.22           -0.22            0.41             0.41
333       3.31         -0.35           -0.22           -0.21            0.41             0.41
334       3.32         -0.35           -0.21           -0.21            0.41             0.41
335       3.33         -0.35           -0.21           -0.21            0.41             0.41
336       3.34         -0.35           -0.20           -0.20            0.41             0.41
337       3.35         -0.35           -0.20           -0.20            0.41             0.41
338       3.36         -0.36           -0.20           -0.19            0.42             0.42
339       3.37         -0.36           -0.19           -0.19            0.42             0.42
340       3.38         -0.36           -0.19           -0.19            0.42             0.42
341       3.39         -0.36           -0.18           -0.18            0.42             0.42
342       3.40         -0.36           -0.18           -0.18            0.42             0.42
343       3.41         -0.37           -0.18           -0.17            0.42             0.42
344       3.42         -0.37           -0.17           -0.17            0.42             0.42
345       3.43         -0.37           -0.17           -0.16            0.42             0.42
346       3.44         -0.37           -0.16           -0.16            0.42             0.42
347       3.45         -0.37           -0.16           -0.16            0.42             0.42
348       3.46         -0.37           -0.15           -0.15            0.42             0.42
349       3.47         -0.38           -0.15           -0.15            0.42             0.42
350       3.48         -0.38           -0.15           -0.14            0.42             0.42
351       3.49         -0.38           -0.14           -0.14            0.42             0.42
352       3.50         -0.38           -0.14           -0.14            0.42             0.42
353       3.51         -0.38           -0.13           -0.13            0.42             0.42
354       3.52         -0.38           -0.13           -0.13            0.42             0.42
355       3.53         -0.38           -0.12           -0.12            0.42             0.42
356       3.54         -0.39           -0.12           -0.12            0.42             0.42
357       3.55         -0.39           -0.12           -0.11            0.42             0.42
358       3.56         -0.39           -0.11           -0.11            0.42             0.42
359       3.57         -0.39           -0.11           -0.11            0.42             0.42
360       3.58         -0.39           -0.10           -0.10            0.42             0.42
361       3.59         -0.39           -0.10           -0.10            0.42             0.42
362       3.60         -0.39           -0.10           -0.09            0.42             0.42
363       3.61         -0.39           -0.09           -0.09            0.42             0.42
364       3.62         -0.39           -0.09           -0.09            0.42             0.42
365       3.63         -0.39           -0.08           -0.08            0.42             0.42
366       3.64         -0.40           -0.08           -0.08            0.42             0.42
367       3.65         -0.40           -0.07           -0.07            0.42             0.42
368       3.66         -0.40           -0.07           -0.07            0.42             0.42
369       3.67         -0.40           -0.07           -0.06            0.42             0.42
370       3.68         -0.40           -0.06           -0.06            0.41             0.41
371       3.69         -0.40           -0.06           -0.06            0.41             0.41
372       3.70         -0.40           -0.05           -0.05            0.41             0.41
373       3.71         -0.40           -0.05           -0.05            0.41             0.41
374       3.72         -0.40           -0.05           -0.04            0.41             0.41
375       3.73         -0.40           -0.04           -0.04            0.41             0.41
376       3.74         -0.40           -0.04           -0.04            0.41             0.41
377       3.75         -0.40           -0.03           -0.03            0.41             0.41
378       3.76         -0.40           -0.03           -0.03            0.41             0.41
379       3.77         -0.40           -0.03           -0.02            0.41             0.41
380       3.78         -0.40           -0.02           -0.02            0.41             0.41
381       3.79         -0.40           -0.02           -0.01            0.41             0.41
382       3.80         -0.40           -0.01           -0.01            0.41             0.41
383       3.81         -0.40           -0.01           -0.01            0.40             0.40
384       3.82         -0.40           -0.00           -0.00            0.40             0.40
385       3.83         -0.40           -0.00            0.00            0.40             0.40
386       3.84         -0.40            0.00            0.01            0.40             0.40
387       3.85         -0.40            0.01            0.01            0.40             0.40
388       3.86         -0.40            0.01            0.01            0.40             0.40
389       3.87         -0.40            0.02            0.02            0.40             0.40
390       3.88         -0.40            0.02            0.02            0.40             0.40
391       3.89         -0.40            0.02            0.03            0.40             0.40
392       3.90         -0.40            0.03            0.03            0.39             0.39
393       3.91         -0.40            0.03            0.03            0.39             0.39
394       3.92         -0.40            0.04            0.04            0.39             0.39
395       3.93         -0.40            0.04            0.04            0.39             0.39
396       3.94         -0.40            0.04            0.04            0.39             0.39
397       3.95         -0.40            0.05            0.05            0.39             0.39
398       3.96         -0.40            0.05            0.05            0.39             0.39
399       3.97         -0.40            0.05            0.06            0.39             0.38
400       3.98         -0.40            0.06            0.06            0.38             0.38
401       3.99         -0.40            0.06            0.06            0.38             0.38
402       4.00         -0.40            0.07            0.07            0.38             0.38
403       4.01         -0.40            0.07            0.07            0.38             0.38
404       4.02         -0.40            0.07            0.08            0.38             0.38
405       4.03         -0.39            0.08            0.08            0.38             0.37
406       4.04         -0.39            0.08            0.08            0.37             0.37
407       4.05         -0.39            0.08            0.09            0.37             0.37
408       4.06         -0.39            0.09            0.09            0.37             0.37
409       4.07         -0.39            0.09            0.09            0.37             0.37
410       4.08         -0.39            0.10            0.10            0.37             0.37
411       4.09         -0.39            0.10            0.10            0.37             0.36
412       4.10         -0.39            0.10            0.11            0.36             0.36
413       4.11         -0.39            0.11            0.11            0.36             0.36
414       4.12         -0.39            0.11            0.11            0.36             0.36
415       4.13         -0.39            0.11            0.12            0.36             0.36
416       4.14         -0.38            0.12            0.12            0.36             0.35
417       4.15         -0.38            0.12            0.12            0.35             0.35
418       4.16         -0.38            0.12            0.13            0.35             0.35
419       4.17         -0.38            0.13            0.13            0.35             0.35
420       4.18         -0.38            0.13            0.13            0.35             0.35
421       4.19         -0.38            0.14            0.14            0.35             0.34
422       4.20         -0.38            0.14            0.14            0.34             0.34
423       4.21         -0.38            0.14            0.14            0.34             0.34
424       4.22         -0.37            0.15            0.15            0.34             0.34
425       4.23         -0.37            0.15            0.15            0.34             0.34
426       4.24         -0.37            0.15            0.15            0.33             0.33
427       4.25         -0.37            0.16            0.16            0.33             0.33
428       4.26         -0.37            0.16            0.16            0.33             0.33
429       4.27         -0.37            0.16            0.16            0.33             0.33
430       4.28         -0.36            0.17            0.17            0.33             0.32
431       4.29         -0.36            0.17            0.17            0.32             0.32
432       4.30         -0.36            0.17            0.17            0.32             0.32
433       4.31         -0.36            0.18            0.18            0.32             0.32
434       4.32         -0.36            0.18            0.18            0.32             0.32
435       4.33         -0.36            0.18            0.18            0.31             0.31
436       4.34         -0.35            0.18            0.19            0.31             0.31
437       4.35         -0.35            0.19            0.19            0.31             0.31
438       4.36         -0.35            0.19            0.19            0.31             0.31
439       4.37         -0.35            0.19            0.20            0.30             0.30
440       4.38         -0.35            0.20            0.20            0.30             0.30
441       4.39         -0.34            0.20            0.20            0.30             0.30
442       4.40         -0.34            0.20            0.20            0.30             0.29
443       4.41         -0.34            0.21            0.21            0.29             0.29
444       4.42         -0.34            0.21            0.21            0.29             0.29
445       4.43         -0.34            0.21            0.21            0.29             0.29
446       4.44         -0.33            0.21            0.22            0.29             0.28
447       4.45         -0.33            0.22            0.22            0.28             0.28
448       4.46         -0.33            0.22            0.22            0.28             0.28
449       4.47         -0.33            0.22            0.22            0.28             0.28
450       4.48         -0.33            0.23            0.23            0.27             0.27
451       4.49         -0.32            0.23            0.23            0.27             0.27
452       4.50         -0.32            0.23            0.23            0.27             0.27
453       4.51         -0.32            0.23            0.24            0.27             0.26
454       4.52         -0.32            0.24            0.24            0.26             0.26
455       4.53         -0.31            0.24            0.24            0.26             0.26
456       4.54         -0.31            0.24            0.24            0.26             0.26
457       4.55         -0.31            0.24            0.25            0.25             0.25
458       4.56         -0.31            0.25            0.25            0.25             0.25
459       4.57         -0.30            0.25            0.25            0.25             0.25
460       4.58         -0.30            0.25            0.25            0.25             0.24
461       4.59         -0.30            0.25            0.26            0.24             0.24
462       4.60         -0.30            0.26            0.26            0.24             0.24
463       4.61         -0.29            0.26            0.26            0.24             0.24
464       4.62         -0.29            0.26            0.26            0.23             0.23
465       4.63         -0.29            0.26            0.26            0.23             0.23
466       4.64         -0.29            0.27            0.27            0.23             0.23
467       4.65         -0.28            0.27            0.27            0.23             0.22
468       4.66         -0.28            0.27            0.27            0.22             0.22
469       4.67         -0.28            0.27            0.27            0.22             0.22
470       4.68         -0.27            0.27            0.28            0.22             0.21
471       4.69         -0.27            0.28            0.28            0.21             0.21
472       4.70         -0.27            0.28            0.28            0.21             0.21
473       4.71         -0.27            0.28            0.28            0.21             0.21
474       4.72         -0.26            0.28            0.28            0.20             0.20
475       4.73         -0.26            0.29            0.29            0.20             0.20
476       4.74         -0.26            0.29            0.29            0.20             0.20
477       4.75         -0.26            0.29            0.29            0.19             0.19
478       4.76         -0.25            0.29            0.29            0.19             0.19
479       4.77         -0.25            0.29            0.29            0.19             0.19
480       4.78         -0.25            0.29            0.30            0.18             0.18
481       4.79         -0.24            0.30            0.30            0.18             0.18
482       4.80         -0.24            0.30            0.30            0.18             0.18
483       4.81         -0.24            0.30            0.30            0.18             0.17
484       4.82         -0.23            0.30            0.30            0.17             0.17
485       4.83         -0.23            0.30            0.30            0.17             0.17
486       4.84         -0.23            0.31            0.31            0.17             0.16
487       4.85         -0.23            0.31            0.31            0.16             0.16
488       4.86         -0.22            0.31            0.31            0.16             0.16
489       4.87         -0.22            0.31            0.31            0.16             0.15
490       4.88         -0.22            0.31            0.31            0.15             0.15
491       4.89         -0.21            0.31            0.31            0.15             0.15
492       4.90         -0.21            0.31            0.32            0.15             0.14
493       4.91         -0.21            0.32            0.32            0.14             0.14
494       4.92         -0.20            0.32            0.32            0.14             0.14
495       4.93         -0.20            0.32            0.32            0.14             0.13
496       4.94         -0.20            0.32            0.32            0.13             0.13
497       4.95         -0.19            0.32            0.32            0.13             0.13
498       4.96         -0.19            0.32            0.32            0.13             0.12
499       4.97         -0.19            0.32            0.32            0.12             0.12
500       4.98         -0.18            0.33            0.33            0.12             0.12
501       4.99         -0.18            0.33            0.33            0.12             0.11
502       5.00         -0.18            0.33            0.33            0.11             0.11
503       5.01         -0.17            0.33            0.33            0.11             0.11
504       5.02         -0.17            0.33            0.33            0.11             0.10
505       5.03         -0.17            0.33            0.33            0.10             0.10
506       5.04         -0.16            0.33            0.33            0.10             0.10
507       5.05         -0.16            0.33            0.33            0.10             0.09
508       5.06         -0.16            0.33            0.33            0.09             0.09
509       5.07         -0.15            0.33            0.34            0.09             0.09
510       5.08         -0.15            0.34            0.34            0.09             0.08
511       5.09         -0.15            0.34            0.34            0.08             0.08
512       5.10         -0.14            0.34            0.34            0.08             0.08
513       5.11         -0.14            0.34            0.34            0.07             0.07
514       5.12         -0.14            0.34            0.34            0.07             0.07
515       5.13         -0.13            0.34            0.34            0.07             0.07
516       5.14         -0.13            0.34            0.34            0.06             0.06
517       5.15         -0.13            0.34            0.34            0.06             0.06
518       5.16         -0.12            0.34            0.34            0.06             0.06
519       5.17         -0.12            0.34            0.34            0.05             0.05
520       5.18         -0.12            0.34            0.34            0.05             0.05
521       5.19         -0.11            0.34            0.34            0.05             0.05
522       5.20         -0.11            0.34            0.34            0.04             0.04
523       5.21         -0.11            0.34            0.34            0.04             0.04
524       5.22         -0.10            0.34            0.34            0.04             0.04
525       5.23         -0.10            0.34            0.34            0.03             0.03
526       5.24         -0.10            0.34            0.34            0.03             0.03
527       5.25         -0.09            0.35            0.35            0.03             0.03
528       5.26         -0.09            0.35            0.35            0.02             0.02
529       5.27         -0.09            0.35            0.35            0.02             0.02
530       5.28         -0.08            0.35            0.35            0.02             0.02
531       5.29         -0.08            0.35            0.35            0.01             0.01
532       5.30         -0.08            0.35            0.35            0.01             0.01
533       5.31         -0.07            0.35            0.35            0.01             0.01
534       5.32         -0.07            0.35            0.35            0.00             0.00
535       5.33         -0.07            0.35            0.35            0.00            -0.00
536       5.34         -0.06            0.35            0.35           -0.00            -0.00
537       5.35         -0.06            0.35            0.35           -0.01            -0.01
538       5.36         -0.06            0.35            0.35           -0.01            -0.01
539       5.37         -0.05            0.35            0.35           -0.01            -0.01
540       5.38         -0.05            0.35            0.35           -0.02            -0.02
541       5.39         -0.04            0.35            0.35           -0.02            -0.02
542       5.40         -0.04            0.35            0.35           -0.02            -0.02
543       5.41         -0.04            0.35            0.34           -0.03            -0.03
544       5.42         -0.03            0.34            0.34           -0.03            -0.03
545       5.43         -0.03            0.34            0.34           -0.03            -0.03
546       5.44         -0.03            0.34            0.34           -0.04            -0.04
547       5.45         -0.02            0.34            0.34           -0.04            -0.04
548       5.46         -0.02            0.34            0.34           -0.04            -0.04
549       5.47         -0.02            0.34            0.34           -0.05            -0.05
550       5.48         -0.01            0.34            0.34           -0.05            -0.05
551       5.49         -0.01            0.34            0.34           -0.05            -0.05
552       5.50         -0.01            0.34            0.34           -0.06            -0.06
553       5.51         -0.00            0.34            0.34           -0.06            -0.06
554       5.52         -0.00            0.34            0.34           -0.06            -0.06
555       5.53          0.00            0.34            0.34           -0.06            -0.07
556       5.54          0.01            0.34            0.34           -0.07            -0.07
557       5.55          0.01            0.34            0.34           -0.07            -0.07
558       5.56          0.01            0.34            0.34           -0.07            -0.08
559       5.57          0.02            0.34            0.34           -0.08            -0.08
560       5.58          0.02            0.34            0.34           -0.08            -0.08
561       5.59          0.02            0.34            0.33           -0.08            -0.09
562       5.60          0.03            0.33            0.33           -0.09            -0.09
563       5.61          0.03            0.33            0.33           -0.09            -0.09
564       5.62          0.03            0.33            0.33           -0.09            -0.09
565       5.63          0.04            0.33            0.33           -0.10            -0.10
566       5.64          0.04            0.33            0.33           -0.10            -0.10
567       5.65          0.04            0.33            0.33           -0.10            -0.10
568       5.66          0.05            0.33            0.33           -0.10            -0.11
569       5.67          0.05            0.33            0.33           -0.11            -0.11
570       5.68          0.05            0.33            0.33           -0.11            -0.11
571       5.69          0.06            0.33            0.32           -0.11            -0.12
572       5.70          0.06            0.32            0.32           -0.12            -0.12
573       5.71          0.06            0.32            0.32           -0.12            -0.12
574       5.72          0.07            0.32            0.32           -0.12            -0.12
575       5.73          0.07            0.32            0.32           -0.13            -0.13
576       5.74          0.07            0.32            0.32           -0.13            -0.13
577       5.75          0.08            0.32            0.32           -0.13            -0.13
578       5.76          0.08            0.32            0.32           -0.13            -0.14
579       5.77          0.08            0.32            0.31           -0.14            -0.14
580       5.78          0.09            0.31            0.31           -0.14            -0.14
581       5.79          0.09            0.31            0.31           -0.14            -0.14
582       5.80          0.09            0.31            0.31           -0.15            -0.15
583       5.81          0.09            0.31            0.31           -0.15            -0.15
584       5.82          0.10            0.31            0.31           -0.15            -0.15
585       5.83          0.10            0.31            0.31           -0.15            -0.15
586       5.84          0.10            0.30            0.30           -0.16            -0.16
587       5.85          0.11            0.30            0.30           -0.16            -0.16
588       5.86          0.11            0.30            0.30           -0.16            -0.16
589       5.87          0.11            0.30            0.30           -0.16            -0.17
590       5.88          0.12            0.30            0.30           -0.17            -0.17
591       5.89          0.12            0.30            0.30           -0.17            -0.17
592       5.90          0.12            0.30            0.29           -0.17            -0.17
593       5.91          0.12            0.29            0.29           -0.17            -0.18
594       5.92          0.13            0.29            0.29           -0.18            -0.18
595       5.93          0.13            0.29            0.29           -0.18            -0.18
596       5.94          0.13            0.29            0.29           -0.18            -0.18
597       5.95          0.14            0.29            0.29           -0.18            -0.19
598       5.96          0.14            0.28            0.28           -0.19            -0.19
599       5.97          0.14            0.28            0.28           -0.19            -0.19
600       5.98          0.15            0.28            0.28           -0.19            -0.19
601       5.99          0.15            0.28            0.28           -0.19            -0.20
602       6.00          0.15            0.28            0.28           -0.20            -0.20
603       6.01          0.15            0.27            0.27           -0.20            -0.20
604       6.02          0.16            0.27            0.27           -0.20            -0.20
605       6.03          0.16            0.27            0.27           -0.20            -0.20
606       6.04          0.16            0.27            0.27           -0.21            -0.21
607       6.05          0.16            0.27            0.27           -0.21            -0.21
608       6.06          0.17            0.26            0.26           -0.21            -0.21
609       6.07          0.17            0.26            0.26           -0.21            -0.21
610       6.08          0.17            0.26            0.26           -0.21            -0.22
611       6.09          0.17            0.26            0.26           -0.22            -0.22
612       6.10          0.18            0.26            0.25           -0.22            -0.22
613       6.11          0.18            0.25            0.25           -0.22            -0.22
614       6.12          0.18            0.25            0.25           -0.22            -0.22
615       6.13          0.18            0.25            0.25           -0.23            -0.23
616       6.14          0.19            0.25            0.25           -0.23            -0.23
617       6.15          0.19            0.24            0.24           -0.23            -0.23
618       6.16          0.19            0.24            0.24           -0.23            -0.23
619       6.17          0.19            0.24            0.24           -0.23            -0.23
620       6.18          0.20            0.24            0.24           -0.24            -0.24
621       6.19          0.20            0.24            0.23           -0.24            -0.24
622       6.20          0.20            0.23            0.23           -0.24            -0.24
623       6.21          0.20            0.23            0.23           -0.24            -0.24
624       6.22          0.21            0.23            0.23           -0.24            -0.24
625       6.23          0.21            0.23            0.22           -0.24            -0.25
626       6.24          0.21            0.22            0.22           -0.25            -0.25
627       6.25          0.21            0.22            0.22           -0.25            -0.25
628       6.26          0.22            0.22            0.22           -0.25            -0.25
629       6.27          0.22            0.22            0.21           -0.25            -0.25
